0 1 33.677746 27.918751 300.419434 
1 1 33.686249 327.921661 300.449158 
2 1 33.681374 267.901733 300.432129 
3 1 33.677746 207.918594 300.419434 
4 1 33.686249 147.921829 300.449158 
5 1 33.681374 87.901894 300.432129 
6 1 39.794071 51.898834 260.298004 
7 1 39.802959 351.928253 260.331635 
8 1 39.801659 291.916290 260.326721 
9 1 39.794071 231.898697 260.298004 
10 1 39.802959 171.928406 260.331635 
11 1 39.801659 111.916428 260.326721 
12 1 54.033459 37.452015 255.400269 
13 1 54.031719 352.438324 255.389603 
14 1 54.033459 307.451935 255.400269 
15 1 54.031719 262.438232 255.389603 
16 1 54.033459 217.451859 255.400269 
17 1 54.031719 172.438492 255.389603 
18 1 54.033459 127.452095 255.400269 
19 1 54.031719 82.438400 255.389603 
20 1 69.336372 46.772766 283.381012 
21 1 69.337143 10.759007 283.391052 
22 1 69.335144 334.749420 283.364868 
23 1 69.334595 298.769104 283.357574 
24 1 69.333656 262.762329 283.345306 
25 1 69.336372 226.772614 283.381012 
26 1 69.337143 190.758865 283.391052 
27 1 69.335144 154.749557 283.364868 
28 1 69.334595 118.769234 283.357574 
29 1 69.333656 82.762466 283.345306 
30 1 79.320396 64.749466 269.806702 
31 1 79.320099 28.769163 269.799042 
32 1 79.319580 352.762390 269.786133 
33 1 79.321083 316.772705 269.823639 
34 1 79.321503 280.758972 269.834198 
35 1 79.320396 244.749329 269.806702 
36 1 79.320099 208.769012 269.799042 
37 1 79.319580 172.762543 269.786133 
38 1 79.321083 136.772842 269.823639 
39 1 79.321503 100.759109 269.834198 
40 1 90.000076 58.955463 316.072205 
41 1 90.000076 28.957769 316.008301 
42 1 90.000076 358.966461 316.051422 
43 1 90.000076 328.955383 316.072205 
44 1 90.000076 298.957672 316.008301 
45 1 90.000076 268.966553 316.051422 
46 1 90.000076 238.955322 316.072205 
47 1 90.000076 208.957611 316.008301 
48 1 90.000076 178.966629 316.051422 
49 1 90.000076 148.955536 316.072205 
50 1 90.000076 118.957848 316.008301 
51 1 90.000076 88.966690 316.051422 
52 1 98.112015 63.376568 354.339966 
53 1 98.112503 37.657257 354.318756 
54 1 98.112007 11.944192 354.340240 
55 1 98.112282 346.229156 354.328583 
56 1 98.110413 320.516388 354.409729 
57 1 98.110283 294.804749 354.415131 
58 1 98.110870 269.085358 354.389648 
59 1 98.112015 243.376434 354.339966 
60 1 98.112503 217.657104 354.318756 
61 1 98.112007 191.944031 354.340240 
62 1 98.112282 166.229309 354.328583 
63 1 98.110413 140.516541 354.409729 
64 1 98.110283 114.804893 354.415131 
65 1 98.110870 89.085510 354.389648 
66 0 106.088875 56.779499 369.867035 
67 0 106.092583 31.077171 369.784119 
68 0 106.090408 5.344835 369.832825 
69 0 106.092674 339.642120 369.782135 
70 0 106.091789 313.928070 369.801727 
71 0 106.092995 288.205414 369.774933 
72 0 106.090515 262.496918 369.830353 
73 0 106.088875 236.779358 369.867035 
74 0 106.092583 211.077026 369.784119 
75 0 106.090408 185.344696 369.832825 
76 0 106.092674 159.642288 369.782135 
77 0 106.091789 133.928223 369.801727 
78 0 106.092995 108.205551 369.774933 
79 0 106.090515 82.497063 369.830353 
80 0 114.962921 69.642220 373.196167 
81 0 114.962463 43.922276 373.202393 
82 0 114.962791 18.204683 373.197937 
83 0 114.965050 352.492615 373.166260 
84 0 114.967140 326.784393 373.137146 
85 0 114.962906 301.068268 373.196259 
86 0 114.966400 275.359955 373.147491 
87 0 114.962921 249.642075 373.196167 
88 0 114.962463 223.922119 373.202393 
89 0 114.962791 198.204529 373.197937 
90 0 114.965050 172.492783 373.166260 
91 0 114.967140 146.784531 373.137146 
92 0 114.962906 121.068413 373.196259 
93 0 114.966400 95.360123 373.147491 
94 0 123.708313 57.786839 382.908020 
95 0 123.711113 32.068336 382.879974 
96 0 123.714035 6.364080 382.850616 
97 0 123.712456 340.654755 382.866486 
98 0 123.712494 314.923645 382.866180 
99 0 123.715973 289.214417 382.831268 
100 0 123.715782 263.508728 382.833130 
101 0 123.708313 237.786713 382.908020 
102 0 123.711113 212.068176 382.879974 
103 0 123.714035 186.363937 382.850616 
104 0 123.712456 160.654892 382.866486 
105 0 123.712494 134.923798 382.866180 
106 0 123.715973 109.214561 382.831268 
107 0 123.715782 83.508873 382.833130 
108 0 131.137299 70.683525 406.618896 
109 0 131.143082 44.973568 406.571960 
110 0 131.137741 19.257376 406.615356 
111 0 131.146622 353.548126 406.543060 
112 0 131.141693 327.835907 406.583191 
113 0 131.143707 302.122375 406.566833 
114 0 131.140533 276.393829 406.592621 
115 0 131.137299 250.683365 406.618896 
116 0 131.143082 224.973419 406.571960 
117 0 131.137741 199.257217 406.615356 
118 0 131.146622 173.548279 406.543060 
119 0 131.141693 147.836075 406.583191 
120 0 131.143707 122.122520 406.566833 
121 0 131.140533 96.394005 406.592621 
122 2 138.215622 53.671158 492.720276 
123 2 138.215622 36.328934 492.720276 
124 2 138.215622 323.671082 492.720276 
125 2 138.215622 306.328827 492.720276 
126 2 138.215622 233.671021 492.720276 
127 2 138.215622 216.328781 492.720276 
128 2 138.215622 143.671219 492.720276 
129 2 138.215622 126.328987 492.720276 
130 0 144.359253 80.676781 476.691284 
131 2 141.491226 64.793716 469.513885 
132 2 143.178711 45.000031 458.958893 
133 2 141.491226 25.206348 469.513885 
134 0 144.359253 9.323271 476.691284 
135 0 144.359253 350.676758 476.691284 
136 2 141.491226 334.793640 469.513885 
137 2 143.178711 314.999969 458.958893 
138 2 141.491226 295.206299 469.513885 
139 0 144.359253 279.323212 476.691284 
140 0 144.359253 260.676636 476.691284 
141 2 141.491226 244.793564 469.513885 
142 2 143.178711 224.999878 458.958893 
143 2 141.491226 205.206192 469.513885 
144 0 144.359253 189.323120 476.691284 
145 0 144.359253 170.676880 476.691284 
146 2 141.491226 154.793808 469.513885 
147 2 143.178711 135.000122 458.958893 
148 2 141.491226 115.206444 469.513885 
149 0 144.359253 99.323372 476.691284 
150 0 149.782379 78.495911 448.317963 
151 2 147.848190 57.376621 433.950775 
152 2 147.848190 32.623440 433.950775 
153 0 149.782379 11.504149 448.317963 
154 0 149.782379 348.495850 448.317963 
155 2 147.848190 327.376556 433.950775 
156 2 147.848190 302.623383 433.950775 
157 0 149.782379 281.504089 448.317963 
158 0 149.782379 258.495789 448.317963 
159 2 147.848190 237.376480 433.950775 
160 2 147.848190 212.623291 433.950775 
161 0 149.782379 191.503998 448.317963 
162 0 149.782379 168.496002 448.317963 
163 2 147.848190 147.376709 433.950775 
164 2 147.848190 122.623528 433.950775 
165 0 149.782379 101.504234 448.317963 
166 0 155.810654 75.013504 424.689758 
167 2 154.394928 45.000034 407.410431 
168 0 155.810654 14.986559 424.689758 
169 0 155.810654 345.013458 424.689758 
170 2 154.394928 314.999969 407.410431 
171 0 155.810654 284.986511 424.689758 
172 0 155.810654 255.013367 424.689758 
173 2 154.394928 224.999878 407.410431 
174 0 155.810654 194.986404 424.689758 
175 0 155.810654 165.013596 424.689758 
176 2 154.394928 135.000107 407.410431 
177 0 155.810654 104.986656 424.689758 
178 0 162.307007 68.646324 406.634705 
179 0 162.307007 21.353699 406.634705 
180 0 162.307007 338.646301 406.634705 
181 0 162.307007 291.353699 406.634705 
182 0 162.307007 248.646164 406.634705 
183 0 162.307007 201.353546 406.634705 
184 0 162.307007 158.646454 406.634705 
185 0 162.307007 111.353828 406.634705 
