0.0 0.0 50.0 0.0 90.000000 0.000000
-6.108002 10.579370 4.446262 0 70.000000 120.000000
-12.216004 0.000000 4.446262 0 70.000000 180.000000
-6.108002 -10.579370 4.446262 0 70.000000 240.000000
6.108002 -10.579370 4.446262 0 70.000000 300.000000
12.216004 -0.000001 4.446262 0 70.000000 360.000000
15.588457 9.000000 0.000000 0 90.000000 30.000000
0.000000 18.000000 0.000000 0 90.000000 90.000000
-15.588457 9.000000 0.000000 0 90.000000 150.000000
-15.588457 -9.000000 0.000000 0 90.000000 210.000000
-0.000001 -18.000000 0.000000 0 90.000000 270.000000
15.588457 -9.000001 0.000000 0 90.000000 330.000000
10.336619 17.903549 -7.524443 0 110.000000 60.000000
-10.336618 17.903549 -7.524443 0 110.000000 120.000000
-20.673237 0.000001 -7.524443 0 110.000000 180.000000
-10.336619 -17.903549 -7.524443 0 110.000000 240.000000
10.336618 -17.903549 -7.524443 0 110.000000 300.000000
20.673237 -0.000001 -7.524443 0 110.000000 360.000000
-1

